53 03 25 00 00 00 00 08 08 00 20 71 51 00 08 E1 51 00 08 DD 51 00 08 9B 51 00 08 9D 51 00 08 9F 51 00 08 00 00 00 00 8E
53 03 25 00 00 00 20 00 00 00 00 00 00 00 00 00 00 00 00 E9 51 00 08 A3 51 00 08 00 00 00 00 E5 51 00 08 ED 51 00 08 F8
53 03 25 00 00 00 40 A9 51 00 08 A9 51 00 08 00 00 00 00 A9 51 00 08 A9 51 00 08 A9 51 00 08 A9 51 00 08 A9 51 00 08 8C
53 03 25 00 00 00 60 A9 51 00 08 A9 51 00 08 A9 51 00 08 A9 51 00 08 A9 51 00 08 A9 51 00 08 A9 51 00 08 A9 51 00 08 6A
53 03 25 00 00 00 80 A9 51 00 08 A9 51 00 08 A9 51 00 08 A9 51 00 08 A9 51 00 08 A9 51 00 08 A9 51 00 08 A9 51 00 08 4A
53 03 25 00 00 00 A0 A9 51 00 08 A9 51 00 08 A9 51 00 08 A9 51 00 08 A9 51 00 08 A9 51 00 08 A9 51 00 08 A9 51 00 08 2A
53 03 25 00 00 00 C0 A9 51 00 08 A9 51 00 08 A9 51 00 08 A9 51 00 08 A9 51 00 08 A9 51 00 08 A9 51 00 08 A9 51 00 08 0A
53 03 25 00 00 00 E0 A9 51 00 08 A9 51 00 08 A9 51 00 08 A9 51 00 08 A9 51 00 08 A9 51 00 08 A9 51 00 08 A9 51 00 08 EA
53 03 25 00 00 01 00 A9 51 00 08 A9 51 00 08 00 00 00 00 A9 51 00 08 00 00 00 00 00 00 00 00 A9 51 00 08 A9 51 00 08 CF
53 03 25 00 00 01 20 A9 51 00 08 A9 51 00 08 A9 51 00 08 A9 51 00 08 A9 51 00 08 00 00 00 00 A9 51 00 08 A9 51 00 08 AB
53 03 25 00 00 01 40 A9 51 00 08 A9 51 00 08 A9 51 00 08 A9 51 00 08 A9 51 00 08 A9 51 00 08 A9 51 00 08 DF F8 0C D0 D8
53 03 25 00 00 01 60 00 F0 2A F8 00 48 00 47 B1 52 00 08 08 08 00 20 0E 48 02 68 0E 48 02 EA 00 02 4F EA 12 42 4F EA D3
53 03 25 00 00 01 80 82 22 4F F0 00 51 4F F0 00 00 01 C1 12 1F 00 2A FB D1 08 48 00 47 FE E7 FE E7 FE E7 FE E7 FE E7 ED
53 03 25 00 00 01 A0 FE E7 FE E7 FE E7 FE E7 FE E7 00 00 E0 F7 FF 1F 00 00 FF FF 5D 51 00 08 06 4C 07 4D 06 E0 E0 68 43
53 03 25 00 00 01 C0 40 F0 01 03 94 E8 07 00 98 47 10 34 AC 42 F6 D3 FF F7 C8 FF A0 53 00 08 B0 53 00 08 FF E7 FE E7 FA
53 03 25 00 00 01 E0 70 47 00 00 70 47 00 00 70 47 00 00 80 B5 00 F0 01 F8 80 BD 40 F2 00 00 C2 F2 00 00 00 68 40 B1 3A
53 03 25 00 00 02 00 FF E7 40 F2 00 01 C2 F2 00 01 08 68 01 38 08 60 FF E7 70 47 87 B0 06 90 05 91 04 92 03 93 06 98 2F
53 03 25 00 00 02 20 00 68 01 90 06 98 C0 68 00 90 00 20 AD F8 0A 00 FF E7 BD F8 0A 00 0F 28 32 D8 FF E7 BD F8 0A 10 FF
53 03 25 00 00 02 40 03 98 C8 40 C0 07 20 B3 FF E7 BD F8 0A 00 41 00 03 20 00 FA 01 F2 01 99 91 43 01 91 05 99 BD F8 12
53 03 25 00 00 02 60 0A 20 52 00 01 FA 02 F2 01 99 11 43 01 91 BD F8 0A 10 49 00 00 FA 01 F1 00 98 88 43 00 90 04 98 FA
53 03 25 00 00 02 80 BD F8 0A 10 49 00 00 FA 01 F1 00 98 08 43 00 90 FF E7 FF E7 BD F8 0A 00 01 30 AD F8 0A 00 C8 E7 C7
53 03 25 00 00 02 A0 01 98 06 99 08 60 00 98 06 99 C8 60 07 B0 70 47 80 B5 88 B0 00 20 05 90 07 90 4F F0 00 60 4F F4 30
53 03 25 00 00 02 C0 A0 41 00 F0 49 F8 05 9A 41 F2 14 01 C4 F2 02 01 03 91 08 68 40 F4 00 30 08 60 4F F0 90 40 01 21 65
53 03 25 00 00 02 E0 04 91 4F F4 80 73 01 93 FF F7 94 FF 01 98 03 9B 04 99 05 9A 40 F2 18 0C C4 F6 00 0C CC F8 00 00 BD
53 03 25 00 00 03 00 18 68 40 F4 00 20 18 60 40 F6 00 00 C4 F6 00 00 4F F4 00 63 02 93 FF F7 7D FF 02 98 03 9B 04 99 19
53 03 25 00 00 03 20 05 9A 40 F6 18 0C C4 F6 00 0C CC F8 00 00 18 68 40 F4 80 20 18 60 40 F2 00 40 C4 F6 00 00 08 23 11
53 03 25 00 00 03 40 06 93 FF F7 67 FF 06 98 40 F2 18 41 C4 F6 00 01 08 60 FF E7 FE E7 00 00 82 B0 01 90 00 91 01 98 9E
53 03 25 00 00 03 60 00 99 4F F6 80 72 C1 F6 FF 72 11 40 08 43 4E F6 08 51 CE F2 00 01 08 60 BF F3 4F 8F 02 B0 70 47 24
53 03 25 00 00 03 80 02 E0 08 C8 12 1F 08 C1 00 2A FA D1 70 47 70 47 00 20 01 E0 01 C1 12 1F 00 2A FB D1 70 47 00 00 A7
53 03 15 00 00 03 A0 B0 53 00 08 00 00 00 20 08 08 00 00 90 53 00 08 21
53 07 05 00 00 00 00 FA
